-1.16532493e-01 9.98685000e-01 2.66406718e-03 
-1.16003493e-01 9.99544000e-01 2.63510993e-03 
-1.15464493e-01 1.00038600e+00 2.65055380e-03 
-1.14931493e-01 9.96966000e-01 2.62738800e-03 
-1.14410493e-01 1.00357600e+00 2.65248428e-03 
-1.13882493e-01 1.00410200e+00 2.64669283e-03 
-1.13357493e-01 1.00117400e+00 2.64669283e-03 
-1.12827493e-01 1.00071600e+00 2.63704041e-03 
-1.12297493e-01 1.00039400e+00 2.69109395e-03 
-1.11768493e-01 1.00335300e+00 2.65827573e-03 
-1.11247493e-01 9.99622000e-01 2.61966606e-03 
-1.10724493e-01 9.94129000e-01 2.71232927e-03 
-1.10184493e-01 9.99122000e-01 2.64862331e-03 
-1.09655493e-01 9.98860000e-01 2.64283186e-03 
-1.09114493e-01 9.97358000e-01 2.67565008e-03 
-1.08574493e-01 1.00019900e+00 2.68530250e-03 
-1.08047493e-01 9.98628000e-01 2.63317945e-03 
-1.07507493e-01 9.99218000e-01 2.68337202e-03 
-1.06977493e-01 1.00373800e+00 2.66020622e-03 
-1.06440493e-01 1.00424300e+00 2.62931848e-03 
-1.05916493e-01 9.99486000e-01 2.65248428e-03 
-1.05392493e-01 1.00168800e+00 2.62738800e-03 
-1.04863493e-01 9.97467000e-01 2.65248428e-03 
-1.04335493e-01 9.99478000e-01 2.62352703e-03 
-1.03805493e-01 9.99999000e-01 2.62738800e-03 
-1.03273493e-01 9.99194000e-01 2.66985863e-03 
-1.02748493e-01 1.00168200e+00 2.62352703e-03 
-1.02224493e-01 9.99370000e-01 2.61966606e-03 
-1.01697493e-01 1.00013800e+00 2.62545751e-03 
-1.01169493e-01 1.00092400e+00 2.63897090e-03 
-1.00629493e-01 9.97446000e-01 2.62352703e-03 
-1.00096493e-01 1.00471200e+00 2.67758057e-03 
-9.95674930e-02 1.00067600e+00 2.66213670e-03 
-9.90374926e-02 1.00148500e+00 2.60422219e-03 
-9.85064930e-02 9.97660000e-01 2.63317945e-03 
-9.79504930e-02 9.98226000e-01 2.63317945e-03 
-9.74274930e-02 9.96854000e-01 2.63510993e-03 
-9.69004929e-02 9.98448000e-01 2.59650026e-03 
-9.63714928e-02 1.00415200e+00 2.63897090e-03 
-9.58444928e-02 9.97871000e-01 2.63897090e-03 
-9.53104929e-02 9.97589000e-01 2.67565008e-03 
-9.47814928e-02 1.00342900e+00 2.64090138e-03 
-9.42624928e-02 1.00132400e+00 2.64283186e-03 
-9.37334928e-02 1.00773300e+00 2.62738800e-03 
-9.32084927e-02 9.99861000e-01 2.60808316e-03 
-9.26594930e-02 9.98170000e-01 2.64090138e-03 
-9.21274927e-02 9.99609000e-01 2.64669283e-03 
-9.15984930e-02 1.00185500e+00 2.65441476e-03 
-9.10724928e-02 1.00201000e+00 2.63897090e-03 
-9.05474927e-02 9.98176000e-01 2.59843074e-03 
-9.00184927e-02 9.99318000e-01 2.60036123e-03 
-8.94884928e-02 9.96028000e-01 2.62545751e-03 
-8.89614928e-02 1.00057500e+00 2.64476235e-03 
-8.84294929e-02 9.97886000e-01 2.64090138e-03 
-8.78954930e-02 1.00205700e+00 2.60808316e-03 
-8.73664930e-02 9.99888000e-01 2.60808316e-03 
-8.68424927e-02 1.00409400e+00 2.58491736e-03 
-8.63174926e-02 9.98430000e-01 2.64090138e-03 
-8.57864930e-02 1.00343600e+00 2.61773558e-03 
-8.52644928e-02 1.00253100e+00 2.62159655e-03 
-8.47344929e-02 9.98792000e-01 2.60036123e-03 
-8.42084927e-02 9.98856000e-01 2.63704041e-03 
-8.36804928e-02 9.93707000e-01 2.63124896e-03 
-8.31014928e-02 9.99490000e-01 2.64283186e-03 
-8.25614929e-02 9.97217000e-01 2.63510993e-03 
-8.20194930e-02 1.00593500e+00 2.62352703e-03 
-8.14924929e-02 9.96385000e-01 2.63704041e-03 
-8.09634929e-02 1.00003800e+00 2.64669283e-03 
-8.04244927e-02 9.98612000e-01 2.65634525e-03 
-7.98914926e-02 1.00648100e+00 2.67178912e-03 
-7.93624930e-02 1.00699100e+00 2.62159655e-03 
-7.88234929e-02 9.97375000e-01 2.67371960e-03 
-7.82994931e-02 1.00278800e+00 2.61387461e-03 
-7.77704930e-02 9.98883000e-01 2.63897090e-03 
-7.72374929e-02 9.99120000e-01 2.61580510e-03 
-7.67084928e-02 1.00209500e+00 2.58105639e-03 
-7.61784930e-02 1.00015100e+00 2.68144153e-03 
-7.56514929e-02 9.98649000e-01 2.61387461e-03 
-7.51234926e-02 9.96924000e-01 2.65248428e-03 
-7.45954928e-02 1.00068400e+00 2.65248428e-03 
-7.40554929e-02 9.98967000e-01 2.69495492e-03 
-7.35124927e-02 9.99341000e-01 2.62352703e-03 
-7.29844929e-02 9.99940000e-01 2.68530250e-03 
-7.24604926e-02 1.00305900e+00 2.65827573e-03 
-7.19264927e-02 9.97846000e-01 2.65827573e-03 
-7.13844928e-02 9.99996000e-01 2.69881588e-03 
-7.08604930e-02 1.00461800e+00 2.63317945e-03 
-7.03374930e-02 1.00145300e+00 2.67758057e-03 
-6.98174927e-02 1.00029200e+00 2.67178912e-03 
-6.92994930e-02 9.96733000e-01 2.71232927e-03 
-6.87574930e-02 9.97900000e-01 2.64283186e-03 
-6.82294928e-02 1.00131700e+00 2.67178912e-03 
-6.77064927e-02 9.99627000e-01 2.69688540e-03 
-6.71734926e-02 1.00319300e+00 2.64669283e-03 
-6.66444930e-02 9.97997000e-01 2.66213670e-03 
-6.61184927e-02 9.98751000e-01 2.71039879e-03 
-6.55864929e-02 9.97441000e-01 2.67178912e-03 
-6.50584931e-02 1.00486900e+00 2.67371960e-03 
-6.45294930e-02 1.00025100e+00 2.64090138e-03 
-6.40054927e-02 9.94738000e-01 2.63704041e-03 
-6.34804927e-02 1.00049100e+00 2.64283186e-03 
-6.29514926e-02 9.98994000e-01 2.64283186e-03 
-6.24244930e-02 9.99681000e-01 2.72584265e-03 
-6.19024928e-02 9.98392000e-01 2.60808316e-03 
-6.13754927e-02 1.00022000e+00 2.63510993e-03 
-6.08514929e-02 9.99714000e-01 2.67371960e-03 
-6.03224928e-02 9.98850000e-01 2.66599767e-03 
-5.97924930e-02 1.00160900e+00 2.71619024e-03 
-5.92624927e-02 9.98956000e-01 2.64669283e-03 
-5.87344929e-02 1.00309600e+00 2.64669283e-03 
-5.81994927e-02 1.00131100e+00 2.68916347e-03 
-5.76664926e-02 1.00199500e+00 2.65055380e-03 
-5.71364928e-02 9.97541000e-01 2.68916347e-03 
-5.66154928e-02 9.99503000e-01 2.66020622e-03 
-5.60734929e-02 9.99123000e-01 2.65634525e-03 
-5.55444928e-02 9.94008000e-01 2.66985863e-03 
-5.50194927e-02 9.97413000e-01 2.67565008e-03 
-5.44954930e-02 1.00195100e+00 2.65827573e-03 
-5.39644929e-02 9.98561000e-01 2.69109395e-03 
-5.34324930e-02 1.00038700e+00 2.69109395e-03 
-5.29004927e-02 9.99585000e-01 2.69688540e-03 
-5.23634930e-02 1.00395400e+00 2.63317945e-03 
-5.18374927e-02 1.00150900e+00 2.67951105e-03 
-5.13134929e-02 1.00223800e+00 2.67758057e-03 
-5.07824928e-02 9.98552000e-01 2.70267685e-03 
-5.02394927e-02 1.00004500e+00 2.65827573e-03 
-4.97114928e-02 9.97478000e-01 2.73742555e-03 
-4.91824928e-02 9.95321000e-01 2.73742555e-03 
-4.86534927e-02 1.00252000e+00 2.70653782e-03 
-4.81274929e-02 9.98782000e-01 2.74707797e-03 
-4.75984928e-02 1.00273700e+00 2.71812072e-03 
-4.70694927e-02 1.00220900e+00 2.72777314e-03 
-4.65414929e-02 9.96697000e-01 2.67758057e-03 
-4.60174927e-02 1.00243500e+00 2.73742555e-03 
-4.54854928e-02 9.97173000e-01 2.72777314e-03 
-4.49564927e-02 9.92184000e-01 2.72005120e-03 
-4.44264929e-02 9.93873000e-01 2.78954861e-03 
-4.38904930e-02 1.00280900e+00 2.72970362e-03 
-4.33614929e-02 9.99318000e-01 2.80499247e-03 
-4.28364929e-02 9.99445000e-01 2.68916347e-03 
-4.22904929e-02 9.99010000e-01 2.72970362e-03 
-4.17524930e-02 9.98490000e-01 2.73163410e-03 
-4.12224927e-02 9.99110000e-01 2.69881588e-03 
-4.06934926e-02 9.99830000e-01 2.71039879e-03 
-4.01694928e-02 9.99637000e-01 2.79340957e-03 
-3.96404928e-02 1.00290500e+00 2.79727054e-03 
-3.90974930e-02 9.98637000e-01 2.72584265e-03 
-3.85674927e-02 1.00027800e+00 2.72198169e-03 
-3.80264930e-02 9.94886000e-01 2.72584265e-03 
-3.74844926e-02 9.97583000e-01 2.77024377e-03 
-3.69574931e-02 1.00099700e+00 2.78375716e-03 
-3.64244930e-02 9.96392000e-01 2.72198169e-03 
-3.58984927e-02 1.00278100e+00 2.78954861e-03 
-3.53684928e-02 9.96156000e-01 2.77024377e-03 
-3.48374927e-02 9.99592000e-01 2.82815828e-03 
-3.43134929e-02 9.97007000e-01 2.70653782e-03 
-3.37784928e-02 9.95576000e-01 2.71232927e-03 
-3.32514928e-02 9.98839000e-01 2.77603522e-03 
-3.27094928e-02 9.97581000e-01 2.69495492e-03 
-3.21834930e-02 1.00147200e+00 2.75093894e-03 
-3.16254930e-02 9.99734000e-01 2.74321700e-03 
-3.11034927e-02 9.95095000e-01 2.79534006e-03 
-3.05764927e-02 9.97585000e-01 2.71039879e-03 
-3.00484928e-02 9.98692000e-01 2.75866087e-03 
-2.95254928e-02 9.99806000e-01 2.76445232e-03 
-2.89994930e-02 9.96730000e-01 2.68723298e-03 
-2.84584928e-02 1.00140400e+00 2.71039879e-03 
-2.79284930e-02 9.97538000e-01 2.71039879e-03 
-2.73974929e-02 1.00427300e+00 2.72584265e-03 
-2.68684928e-02 9.97690000e-01 2.71812072e-03 
-2.63324929e-02 9.97521000e-01 2.76638281e-03 
-2.58064927e-02 1.00032200e+00 2.77410474e-03 
-2.52754930e-02 9.99226000e-01 2.74514749e-03 
-2.47404929e-02 9.97451000e-01 2.74900845e-03 
-2.42124926e-02 9.99754000e-01 2.79920102e-03 
-2.36924929e-02 9.99977000e-01 2.72198169e-03 
-2.31704926e-02 9.94027000e-01 2.74128652e-03 
-2.26344927e-02 9.93932000e-01 2.79920102e-03 
-2.21024929e-02 1.00024400e+00 2.77217426e-03 
-2.10424927e-02 1.00255700e+00 2.78761812e-03 
-2.05194927e-02 9.93724000e-01 2.82622779e-03 
-1.99744930e-02 9.95945000e-01 2.75286942e-03 
-1.94454929e-02 9.96835000e-01 2.76831329e-03 
-1.89144928e-02 9.95600000e-01 2.89958616e-03 
-1.83894928e-02 9.94382000e-01 2.88800326e-03 
-1.78584927e-02 1.00033700e+00 2.75866087e-03 
-1.73344929e-02 9.97838000e-01 2.76638281e-03 
-1.68024930e-02 1.00184000e+00 2.82236683e-03 
-1.62734929e-02 1.00010200e+00 2.77603522e-03 
-1.57484929e-02 9.99933000e-01 2.82043634e-03 
-1.52284927e-02 1.00083100e+00 2.89765568e-03 
-1.47014926e-02 1.00328300e+00 2.89186423e-03 
-1.41624929e-02 1.00419200e+00 2.84746311e-03 
-1.36384927e-02 9.93565000e-01 2.88028133e-03 
-1.31074931e-02 9.95326000e-01 2.81078393e-03 
-1.25744930e-02 9.98761000e-01 2.76831329e-03 
-1.20484927e-02 9.95630000e-01 2.79147909e-03 
-1.15234926e-02 9.95988000e-01 2.80885344e-03 
-1.09944930e-02 9.97234000e-01 2.74514749e-03 
-1.04654930e-02 9.96477000e-01 2.89379471e-03 
-9.84449266e-03 1.00245800e+00 2.90151665e-03 
-9.30449273e-03 1.00406900e+00 2.89765568e-03 
-8.77249287e-03 9.99168000e-01 2.91309955e-03 
-7.71049270e-03 9.98006000e-01 2.91889100e-03 
-7.17649283e-03 1.00064800e+00 2.95943115e-03 
-6.65249303e-03 1.00517300e+00 2.99997130e-03 
-5.60149271e-03 9.99063000e-01 2.97294454e-03 
-5.07449266e-03 1.00231500e+00 2.87642036e-03 
-4.55449289e-03 1.00408500e+00 2.93819583e-03 
-4.02549282e-03 1.00116800e+00 3.05402484e-03 
-3.42349289e-03 1.00551000e+00 3.00383227e-03 
-2.89349305e-03 9.98299000e-01 3.00769324e-03 
-2.36549275e-03 9.97273000e-01 2.94398728e-03 
-1.83649268e-03 1.00425700e+00 2.86869843e-03 
-1.30449282e-03 1.00243500e+00 2.92275197e-03 
-7.79492781e-04 9.90677000e-01 2.99611034e-03 
-2.36492604e-04 1.00554400e+00 2.94012632e-03 
8.14507250e-04 1.00206800e+00 2.98645792e-03 
1.86850736e-03 9.97429000e-01 2.94591777e-03 
2.39350740e-03 1.00225000e+00 3.12545273e-03 
2.92350724e-03 9.99711000e-01 2.93240438e-03 
3.45250731e-03 9.99651000e-01 2.91696052e-03 
3.98150738e-03 9.99310000e-01 2.93433487e-03 
5.03650727e-03 1.00060100e+00 3.05595533e-03 
5.56150731e-03 1.00282000e+00 3.02313711e-03 
6.61550695e-03 9.97385000e-01 3.02892856e-03 
7.14350725e-03 9.99875000e-01 3.04823339e-03 
7.67150708e-03 9.93422000e-01 2.95557019e-03 
8.19950737e-03 1.00122600e+00 2.97101405e-03 
8.73150723e-03 9.93704000e-01 3.04051146e-03 
9.26450733e-03 1.00246700e+00 2.95557019e-03 
9.81950713e-03 9.90628000e-01 3.00383227e-03 
1.03515070e-02 9.96930000e-01 3.13703563e-03 
1.08815073e-02 9.97848000e-01 3.01734566e-03 
1.14115071e-02 1.00197800e+00 2.96522260e-03 
1.19465073e-02 9.99418000e-01 2.98259695e-03 
1.24855069e-02 1.00277300e+00 2.97487502e-03 
1.30115072e-02 9.94956000e-01 3.13510515e-03 
1.35375070e-02 1.00010700e+00 3.09070403e-03 
1.40635073e-02 1.00155000e+00 3.07332968e-03 
1.45935072e-02 1.00211600e+00 3.12545273e-03 
1.51285073e-02 9.99482000e-01 3.07526016e-03 
1.56625072e-02 9.99884000e-01 3.07332968e-03 
1.61955073e-02 1.00145800e+00 2.96522260e-03 
1.67255071e-02 9.97989000e-01 2.97487502e-03 
1.72555069e-02 9.92525000e-01 3.03085904e-03 
1.77955073e-02 1.00222200e+00 2.98645792e-03 
1.83325070e-02 1.00050400e+00 2.99804082e-03 
1.88585073e-02 9.98908000e-01 3.10614790e-03 
1.93825071e-02 9.97579000e-01 3.10421741e-03 
1.99235072e-02 9.99822000e-01 3.19881110e-03 
2.04515071e-02 9.99564000e-01 3.02699807e-03 
2.09815074e-02 9.93745000e-01 3.09070403e-03 
2.15055072e-02 9.98299000e-01 3.05402484e-03 
2.20385073e-02 9.99555000e-01 2.98645792e-03 
2.25735074e-02 9.97064000e-01 3.00576276e-03 
2.31025070e-02 1.00080200e+00 3.00962372e-03 
2.36335071e-02 9.97018000e-01 3.11193935e-03 
2.41645072e-02 1.00200800e+00 3.19881110e-03 
2.46875072e-02 1.00327200e+00 3.14282708e-03 
2.52305074e-02 9.98314000e-01 3.15054902e-03 
2.57585072e-02 9.99399000e-01 3.08491258e-03 
2.62965071e-02 1.00180900e+00 3.03858097e-03 
2.68225074e-02 9.97760000e-01 3.10614790e-03 
2.73525072e-02 9.99617000e-01 3.00962372e-03 
2.78805071e-02 9.97045000e-01 2.95943115e-03 
2.84165069e-02 1.00243400e+00 3.03858097e-03 
2.89715072e-02 1.00293000e+00 3.04051146e-03 
2.95015071e-02 1.00102700e+00 2.94398728e-03 
3.00325071e-02 9.98398000e-01 2.98066647e-03 
3.05635072e-02 1.00028400e+00 2.97101405e-03 
3.11185070e-02 9.98409000e-01 3.03472001e-03 
3.16475071e-02 1.00258000e+00 3.16599288e-03 
3.21785072e-02 9.95770000e-01 3.00190179e-03 
3.27045070e-02 9.98177000e-01 3.10807838e-03 
3.32415071e-02 9.99893000e-01 3.13317466e-03 
3.37755070e-02 1.00094200e+00 3.12931370e-03 
3.43055073e-02 1.00156800e+00 3.03665049e-03 
3.48305074e-02 9.99053000e-01 3.04630291e-03 
3.53625072e-02 9.99342000e-01 3.16020143e-03 
3.58865070e-02 1.00289300e+00 3.11773080e-03 
3.64125073e-02 1.00078800e+00 3.18143675e-03 
3.69425071e-02 9.96580000e-01 3.25479512e-03 
3.75025072e-02 1.00615000e+00 3.15054902e-03 
3.80345071e-02 9.99762000e-01 3.38992896e-03 
3.86075070e-02 9.97475000e-01 3.28568286e-03 
3.91445071e-02 9.93086000e-01 3.27409996e-03 
3.96735072e-02 9.98693000e-01 3.42081670e-03 
4.02125074e-02 9.95701000e-01 3.23935125e-03 
4.07405072e-02 9.96523000e-01 3.19301965e-03 
4.12675072e-02 9.92907000e-01 3.08298209e-03 
4.18125070e-02 9.94392000e-01 3.20846352e-03 
4.23365072e-02 9.99761000e-01 3.14668805e-03 
4.28655073e-02 9.97165000e-01 3.27409996e-03 
4.33965074e-02 9.94914000e-01 3.10421741e-03 
4.39245072e-02 1.00124300e+00 3.11773080e-03 
4.44755070e-02 1.00257000e+00 3.06367726e-03 
4.50025070e-02 9.99283000e-01 3.18915868e-03 
4.55335071e-02 1.00280400e+00 3.20460255e-03 
4.60805073e-02 9.96750000e-01 3.26637802e-03 
4.66075074e-02 9.99578000e-01 3.28182189e-03 
4.71335072e-02 9.98654000e-01 3.16599288e-03 
4.76595070e-02 1.00057400e+00 3.17757578e-03 
4.81895073e-02 1.00058400e+00 3.12352225e-03 
4.87275072e-02 9.97498000e-01 3.29533528e-03 
4.92625074e-02 9.95303000e-01 3.10807838e-03 
4.97925072e-02 1.00347700e+00 3.18143675e-03 
5.03215073e-02 1.00049200e+00 3.25479512e-03 
5.08635072e-02 9.95209000e-01 3.27216947e-03 
5.14025073e-02 1.00348600e+00 3.18915868e-03 
5.19275074e-02 1.00024000e+00 3.18143675e-03 
5.24675073e-02 9.95771000e-01 3.22197690e-03 
5.30085070e-02 1.00196400e+00 3.26058657e-03 
5.35355071e-02 9.98096000e-01 3.26444754e-03 
5.40625071e-02 9.99527000e-01 3.18529772e-03 
5.45915072e-02 1.00191000e+00 3.23162932e-03 
5.51195070e-02 1.00145300e+00 3.23549029e-03 
5.56645072e-02 9.96932000e-01 3.29147431e-03 
5.61925070e-02 9.99965000e-01 3.25286464e-03 
5.67255071e-02 1.00364500e+00 3.27216947e-03 
5.72685073e-02 1.00196100e+00 3.21618545e-03 
5.77935074e-02 1.00162700e+00 3.29726576e-03 
5.83175072e-02 1.00160100e+00 3.27603044e-03 
5.88475070e-02 9.97634000e-01 3.33780591e-03 
5.93725070e-02 1.00172600e+00 3.32043156e-03 
5.99185070e-02 9.93784000e-01 3.23549029e-03 
6.04455071e-02 9.93807000e-01 3.29726576e-03 
6.09685071e-02 1.00128900e+00 3.24514271e-03 
6.15075072e-02 1.00277600e+00 3.19301965e-03 
6.20355071e-02 1.00088300e+00 3.29919624e-03 
6.25805072e-02 1.00100400e+00 3.22776835e-03 
6.31125071e-02 9.97249000e-01 3.28568286e-03 
6.36415072e-02 9.97305000e-01 3.22583787e-03 
6.46915073e-02 1.00472100e+00 3.31657059e-03 
6.52145073e-02 1.00503700e+00 3.41309477e-03 
6.57405071e-02 9.95503000e-01 3.26637802e-03 
6.62685074e-02 9.97244000e-01 3.33973639e-03 
6.67995070e-02 9.97710000e-01 3.33973639e-03 
6.73285071e-02 1.00118600e+00 3.36097171e-03 
6.78485073e-02 1.00669000e+00 3.41309477e-03 
6.83735074e-02 9.99014000e-01 3.60807360e-03 
6.89035072e-02 1.00157000e+00 3.54436764e-03 
6.94485074e-02 9.96226000e-01 3.38799848e-03 
6.99795070e-02 9.99219000e-01 3.40537283e-03 
7.05085071e-02 9.96882000e-01 3.39765090e-03 
7.10405069e-02 9.97652000e-01 3.37255461e-03 
7.15695070e-02 9.98984000e-01 3.46907879e-03 
7.21175070e-02 1.00086900e+00 3.33201446e-03 
7.26445070e-02 1.00530500e+00 3.40151187e-03 
7.31765074e-02 9.97425000e-01 3.40151187e-03 
7.37055070e-02 9.98546000e-01 3.59649070e-03 
7.42395073e-02 1.00205700e+00 3.61193456e-03 
7.47705069e-02 1.00331800e+00 3.83007919e-03 
7.52985072e-02 1.00007400e+00 3.52506281e-03 
7.58235073e-02 9.96873000e-01 3.47487024e-03 
7.63515071e-02 9.98282000e-01 3.41502525e-03 
7.68785072e-02 9.95184000e-01 3.58297731e-03 
7.79345073e-02 1.00139800e+00 3.58683828e-03 
7.84605071e-02 1.00292300e+00 3.39572042e-03 
7.89865074e-02 1.00077000e+00 3.39765090e-03 
7.95115069e-02 9.98145000e-01 3.40344235e-03 
8.00405070e-02 9.96296000e-01 3.41116428e-03 
8.05735071e-02 9.95441000e-01 3.41309477e-03 
8.11085072e-02 1.00069300e+00 3.48259217e-03 
8.16365071e-02 9.99958000e-01 3.35324978e-03 
8.21645074e-02 1.00355000e+00 3.51734087e-03 
8.26925072e-02 9.94911000e-01 3.44977395e-03 
8.32155072e-02 9.95039000e-01 3.53471522e-03 
8.37475071e-02 1.00399200e+00 3.49031411e-03 
8.42725071e-02 1.00403100e+00 3.41888622e-03 
8.48015072e-02 9.97951000e-01 3.41695573e-03 
8.53265072e-02 1.00336900e+00 3.49417507e-03 
8.58545071e-02 1.00206700e+00 3.60035166e-03 
8.63845074e-02 9.98906000e-01 3.44205202e-03 
8.69105072e-02 1.00138800e+00 3.46135685e-03 
8.74765073e-02 1.00412700e+00 3.49224459e-03 
8.80065071e-02 9.99628000e-01 3.46907879e-03 
8.85335072e-02 9.99877000e-01 3.61772601e-03 
8.90635070e-02 9.98652000e-01 3.55788103e-03 
8.95905071e-02 1.00353700e+00 3.51541039e-03 
9.01245070e-02 9.98108000e-01 3.52892377e-03 
9.06675071e-02 1.00098500e+00 3.62158698e-03 
9.11885072e-02 9.98594000e-01 3.56367248e-03 
9.17155072e-02 1.00140700e+00 3.65826617e-03 
9.22425073e-02 1.00481600e+00 3.58297731e-03 
9.27725071e-02 9.94881000e-01 3.63896133e-03 
9.33125070e-02 1.00351500e+00 3.57525538e-03 
9.38345073e-02 9.96887000e-01 3.66791858e-03 
