-7.35489672e-02 1.00043011e+00 4.62170302e-04 
-7.21600783e-02 1.00008583e+00 4.62135602e-04 
-7.07711894e-02 9.99926746e-01 4.63584222e-04 
-6.93823005e-02 1.00058651e+00 4.62247049e-04 
-6.79934117e-02 1.00014639e+00 4.62215725e-04 
-6.66045228e-02 9.99814808e-01 4.62216247e-04 
-6.52156339e-02 9.99622464e-01 4.62194583e-04 
-6.38267450e-02 1.00050235e+00 4.62190565e-04 
-6.24378561e-02 1.00045705e+00 4.62233396e-04 
-6.10489672e-02 1.00052571e+00 4.62229596e-04 
-5.96600783e-02 1.00076771e+00 4.62245468e-04 
-5.82711894e-02 1.00052035e+00 4.62253500e-04 
-5.68823005e-02 1.00005043e+00 4.62172543e-04 
-5.54934117e-02 1.00008905e+00 4.62196143e-04 
-5.41045228e-02 9.99284208e-01 4.62212445e-04 
-5.27156339e-02 1.00128853e+00 4.62245196e-04 
-5.13267450e-02 1.00035799e+00 4.60822155e-04 
-4.99378561e-02 9.99599397e-01 4.60824278e-04 
-4.85489672e-02 1.00006235e+00 4.60764665e-04 
-4.71600783e-02 1.00035858e+00 4.60772124e-04 
-4.57711894e-02 9.99979436e-01 4.60810226e-04 
-4.43823005e-02 1.00078976e+00 4.60893418e-04 
-4.29934117e-02 1.00075853e+00 4.60834669e-04 
-4.16045228e-02 1.00066185e+00 4.60861492e-04 
-4.02156339e-02 1.00055945e+00 4.60901795e-04 
-3.88267450e-02 9.99823511e-01 4.60805709e-04 
-3.74378561e-02 9.99845684e-01 4.60779343e-04 
-3.60489672e-02 9.99718964e-01 4.60835705e-04 
-3.46600783e-02 9.99571502e-01 4.60785249e-04 
-3.32711894e-02 1.00051117e+00 4.60876316e-04 
-3.18823005e-02 9.99681950e-01 4.60683252e-04 
-3.04934117e-02 9.99599159e-01 4.60777199e-04 
-2.91045228e-02 1.00040376e+00 4.60761172e-04 
-2.77156339e-02 9.99712288e-01 4.60701024e-04 
-2.63267450e-02 9.98727322e-01 4.60610531e-04 
-2.49378561e-02 9.99132156e-01 4.60673201e-04 
-2.35489672e-02 9.98742580e-01 4.60604128e-04 
-2.21600783e-02 9.98963892e-01 4.60686123e-04 
-2.07711894e-02 9.98824298e-01 4.60655234e-04 
-1.93823005e-02 9.97900724e-01 4.60562568e-04 
-1.79934117e-02 9.98966098e-01 4.61524148e-04 
-1.66045228e-02 9.97139513e-01 4.62963667e-04 
-1.52156339e-02 9.97211099e-01 4.61354930e-04 
-1.38267450e-02 9.98213768e-01 4.61418357e-04 
-1.24378561e-02 9.97892976e-01 4.62914729e-04 
-1.10489672e-02 9.97603238e-01 4.61423779e-04 
-9.66007832e-03 9.98467863e-01 4.61427680e-04 
-8.27118944e-03 9.96975601e-01 4.60451585e-04 
-6.88230055e-03 9.97653008e-01 4.60529312e-04 
-5.49341166e-03 9.97223794e-01 4.60466098e-04 
-4.10452277e-03 9.97347295e-01 4.60511539e-04 
-2.71563388e-03 9.96938527e-01 4.59013053e-04 
-1.32674499e-03 9.96448398e-01 4.58976148e-04 
6.21438979e-05 9.97605145e-01 4.60322481e-04 
1.45103279e-03 9.97519135e-01 4.59068141e-04 
2.83992168e-03 9.97280598e-01 4.60494969e-04 
4.22881056e-03 9.97801602e-01 4.59036679e-04 
5.61769945e-03 9.97605264e-01 4.58980124e-04 
7.00658834e-03 9.97191012e-01 4.58963910e-04 
8.39547723e-03 9.98240113e-01 4.59041041e-04 
9.78436612e-03 9.98008788e-01 4.59120753e-04 
1.11732550e-02 9.97762263e-01 4.59020041e-04 
1.25621439e-02 9.98285472e-01 4.58998461e-04 
1.39510328e-02 9.98736441e-01 4.59128016e-04 
1.53399217e-02 9.98123646e-01 4.59394806e-04 
1.67288106e-02 9.98472869e-01 4.59392051e-04 
1.81176995e-02 9.98681068e-01 4.59374433e-04 
1.95065883e-02 9.98889744e-01 4.59439315e-04 
2.08954772e-02 9.98323679e-01 4.59385143e-04 
2.22843661e-02 9.99006569e-01 4.59476804e-04 
2.36732550e-02 9.98494208e-01 4.59318321e-04 
2.50621439e-02 9.99008715e-01 4.59614888e-04 
2.64510328e-02 9.99745309e-01 4.59504081e-04 
2.78399217e-02 9.99289274e-01 4.59411376e-04 
2.92288106e-02 9.99406517e-01 4.59361045e-04 
3.06176995e-02 9.99129355e-01 4.59636186e-04 
3.20065883e-02 9.98959124e-01 4.59687950e-04 
3.33954772e-02 9.99655068e-01 4.59680070e-04 
3.47843661e-02 1.00033891e+00 4.59668134e-04 
3.61732550e-02 1.00012755e+00 4.60642694e-04 
3.75621439e-02 1.00072491e+00 4.59473968e-04 
3.89510328e-02 1.00008595e+00 4.60320547e-04 
4.03399217e-02 1.00047624e+00 4.59466867e-04 
4.17288106e-02 1.00009787e+00 4.59768424e-04 
4.31176995e-02 1.00087464e+00 4.59442652e-04 
4.45065883e-02 1.00012839e+00 4.59422939e-04 
4.58954772e-02 1.00031185e+00 4.59438888e-04 
4.72843661e-02 1.00062633e+00 4.59430895e-04 
4.86732550e-02 9.99725521e-01 4.59361666e-04 
5.00621439e-02 1.00001335e+00 4.59407534e-04 
5.14510328e-02 9.99862194e-01 4.59340634e-04 
5.28399217e-02 1.00029600e+00 4.59382931e-04 
5.42288106e-02 1.00033009e+00 4.59665364e-04 
5.56176995e-02 1.00036705e+00 4.59396203e-04 
5.70065883e-02 1.00030315e+00 4.59349947e-04 
5.83954772e-02 9.99223411e-01 4.59280098e-04 
5.97843661e-02 1.00102377e+00 4.59371639e-04 
6.11732550e-02 1.00036085e+00 4.59350335e-04 
6.25621439e-02 1.00130558e+00 4.59414208e-04 
6.39510328e-02 9.99474704e-01 4.61048319e-04 
6.53399217e-02 1.00053132e+00 4.59643003e-04 
6.67288106e-02 1.00018024e+00 4.60813222e-04 
6.81176995e-02 1.00068688e+00 4.60817942e-04 
6.95065883e-02 1.00037098e+00 4.60867248e-04 
7.08954772e-02 9.99996006e-01 4.60779714e-04 
7.22843661e-02 1.00041580e+00 4.59387394e-04 
7.36732550e-02 9.99851048e-01 4.59354720e-04 
