-1.20690002e-01 1.00261800e+00 2.27307617e-03 
-1.19857002e-01 1.00227300e+00 2.22143836e-03 
-1.19151002e-01 1.00167600e+00 2.18296313e-03 
-1.18456002e-01 1.00079900e+00 2.15056294e-03 
-1.17739002e-01 9.99384000e-01 2.12525028e-03 
-1.17056002e-01 1.00002400e+00 2.10398766e-03 
-1.16361002e-01 1.00030200e+00 2.08373753e-03 
-1.15644002e-01 1.00177400e+00 2.06854994e-03 
-1.14926002e-01 1.00171400e+00 2.05032483e-03 
-1.14220002e-01 9.98927000e-01 2.03614975e-03 
-1.13526002e-01 1.00018700e+00 2.02804970e-03 
-1.12808002e-01 9.96882000e-01 2.02298717e-03 
-1.12137002e-01 9.99102000e-01 2.01589963e-03 
-1.11431002e-01 1.00250500e+00 2.01184960e-03 
-1.10737002e-01 9.98360000e-01 1.99868702e-03 
-1.10031002e-01 9.98233000e-01 2.00071203e-03 
-1.09348002e-01 1.00213300e+00 2.00172454e-03 
-1.08630002e-01 1.00116700e+00 1.99666201e-03 
-1.07936002e-01 9.98762000e-01 1.99159948e-03 
-1.07253002e-01 1.00093500e+00 1.99159948e-03 
-1.06558002e-01 9.98571000e-01 1.99868702e-03 
-1.05841002e-01 1.00136200e+00 1.98856196e-03 
-1.05135002e-01 1.00273100e+00 1.99362449e-03 
-1.04440002e-01 9.97837000e-01 1.98349943e-03 
-1.03758002e-01 1.00327700e+00 1.99058697e-03 
-1.03040002e-01 1.00091900e+00 1.98754946e-03 
-1.02346002e-01 1.00133200e+00 1.98349943e-03 
-1.01663002e-01 1.00030400e+00 1.98653695e-03 
-1.00968002e-01 1.00078600e+00 1.97843690e-03 
-1.00274002e-01 1.00560300e+00 1.98653695e-03 
-9.95680019e-02 9.98547000e-01 1.98046191e-03 
-9.88500020e-02 9.96298000e-01 1.98349943e-03 
-9.81330019e-02 9.99540000e-01 1.98653695e-03 
-9.74270022e-02 9.98563000e-01 1.98451194e-03 
-9.67440023e-02 9.97288000e-01 1.98046191e-03 
-9.60490019e-02 9.98555000e-01 1.98046191e-03 
-9.53550022e-02 1.00315000e+00 1.98147442e-03 
-9.46490020e-02 9.98691000e-01 1.97033685e-03 
-9.39550023e-02 9.98565000e-01 1.97539938e-03 
-9.32370019e-02 9.95306000e-01 1.96729933e-03 
-9.25540021e-02 9.99078000e-01 1.97742439e-03 
-9.18600019e-02 9.96680000e-01 1.96729933e-03 
-9.11650020e-02 9.96426000e-01 1.96729933e-03 
-9.04590022e-02 9.99505000e-01 1.96729933e-03 
-8.97420021e-02 1.00272800e+00 1.96831184e-03 
-8.90360023e-02 9.96798000e-01 1.95919929e-03 
-8.83300020e-02 1.00242100e+00 1.96729933e-03 
-8.76240022e-02 9.96517000e-01 1.96122430e-03 
-8.69290023e-02 1.00106800e+00 1.96932435e-03 
-8.62230021e-02 1.00109300e+00 1.96628683e-03 
-8.55400022e-02 9.98740000e-01 1.97134936e-03 
-8.48460020e-02 9.99809000e-01 1.96729933e-03 
-8.41510021e-02 9.98949000e-01 1.97236186e-03 
-8.34450023e-02 9.98660000e-01 1.96831184e-03 
-8.27510022e-02 9.99011000e-01 1.96932435e-03 
-8.20570020e-02 9.99154000e-01 1.96426182e-03 
-8.13510022e-02 9.99576000e-01 1.97134936e-03 
-8.06680019e-02 9.97637000e-01 1.96527432e-03 
-7.99620021e-02 9.98541000e-01 1.96729933e-03 
-7.92560023e-02 9.98948000e-01 1.97236186e-03 
-7.85610019e-02 1.00294300e+00 1.97033685e-03 
-7.78780021e-02 1.00033400e+00 1.97134936e-03 
-7.71720023e-02 9.98206000e-01 1.96729933e-03 
-7.64780021e-02 1.00228700e+00 1.96527432e-03 
-7.57840020e-02 1.00121500e+00 1.96527432e-03 
-7.50780022e-02 9.99693000e-01 1.96729933e-03 
-7.43830022e-02 9.98389000e-01 1.96223680e-03 
-7.36890021e-02 9.99797000e-01 1.96932435e-03 
-7.29830023e-02 1.00402900e+00 1.97337437e-03 
-7.22650019e-02 1.00189700e+00 1.96729933e-03 
-7.15480023e-02 9.97488000e-01 1.96628683e-03 
-7.08530019e-02 1.00009200e+00 1.96324931e-03 
-7.01470021e-02 9.98936000e-01 1.96122430e-03 
-6.94300020e-02 1.00076300e+00 1.96122430e-03 
-6.87240022e-02 1.00113700e+00 1.96223680e-03 
-6.80290023e-02 1.00054400e+00 1.96831184e-03 
-6.73230020e-02 9.95798000e-01 1.96628683e-03 
-6.66290023e-02 9.99885000e-01 1.96527432e-03 
-6.59110020e-02 1.00365000e+00 1.96831184e-03 
-6.52170023e-02 9.99664000e-01 1.95818678e-03 
-6.45110020e-02 1.00122700e+00 1.95514926e-03 
-6.38160021e-02 1.00254200e+00 1.95919929e-03 
-6.31330023e-02 9.97979000e-01 1.95413675e-03 
-6.24160022e-02 1.00040900e+00 1.95717427e-03 
-6.17100019e-02 9.98387000e-01 1.95413675e-03 
-6.10150020e-02 9.99292000e-01 1.96527432e-03 
-6.02980023e-02 9.99432000e-01 1.96426182e-03 
-5.96150020e-02 1.00153100e+00 1.96324931e-03 
-5.89200021e-02 9.99851000e-01 1.95717427e-03 
-5.82140023e-02 1.00098700e+00 1.95919929e-03 
-5.75200021e-02 9.99541000e-01 1.95109924e-03 
-5.68260020e-02 1.00186600e+00 1.94704921e-03 
-5.61200022e-02 9.99427000e-01 1.94299919e-03 
-5.54020023e-02 1.00147300e+00 1.94704921e-03 
-5.46840020e-02 1.00374100e+00 1.94401169e-03 
-5.39900023e-02 9.98015000e-01 1.94097418e-03 
-5.32840020e-02 9.99688000e-01 1.94603671e-03 
-5.25900023e-02 1.00170600e+00 1.94502420e-03 
-5.18950019e-02 1.00113600e+00 1.94198668e-03 
-5.11890021e-02 1.00044800e+00 1.93996167e-03 
-5.04830023e-02 9.99033000e-01 1.93489914e-03 
-4.97890022e-02 9.99598000e-01 1.93996167e-03 
-4.90940022e-02 1.00239200e+00 1.94198668e-03 
-4.83880020e-02 9.99156000e-01 1.93793666e-03 
-4.76710023e-02 9.98807000e-01 1.93591165e-03 
-4.69760019e-02 1.00110900e+00 1.93388663e-03 
-4.62700021e-02 9.99017000e-01 1.93186162e-03 
-4.55760020e-02 1.00257900e+00 1.93692415e-03 
-4.48810020e-02 9.98421000e-01 1.93692415e-03 
-4.41750023e-02 9.98986000e-01 1.94299919e-03 
-4.34930022e-02 1.00168400e+00 1.94097418e-03 
-4.27980023e-02 9.98541000e-01 1.94299919e-03 
-4.20810021e-02 1.00186900e+00 1.94401169e-03 
-4.13740021e-02 1.00227800e+00 1.94401169e-03 
-4.06800020e-02 9.98002000e-01 1.95211174e-03 
-3.99620021e-02 9.99851000e-01 1.94299919e-03 
-3.92560023e-02 9.99931000e-01 1.93692415e-03 
-3.85620021e-02 9.98652000e-01 1.93793666e-03 
-3.78680020e-02 1.00315900e+00 1.94704921e-03 
-3.71620022e-02 9.98254000e-01 1.94502420e-03 
-3.64440023e-02 9.94984000e-01 1.93793666e-03 
-3.57500021e-02 9.99055000e-01 1.93591165e-03 
-3.50670023e-02 1.00118700e+00 1.93186162e-03 
-3.43840020e-02 1.00088200e+00 1.93186162e-03 
-3.36890020e-02 1.00205900e+00 1.93692415e-03 
-3.29720019e-02 9.99388000e-01 1.93388663e-03 
-3.22660021e-02 9.99843000e-01 1.93287413e-03 
-3.15710022e-02 9.99175000e-01 1.93388663e-03 
-3.08770020e-02 1.00118500e+00 1.93692415e-03 
-3.01710023e-02 9.98133000e-01 1.93489914e-03 
-2.94770021e-02 9.99836000e-01 1.93287413e-03 
-2.87590022e-02 9.99526000e-01 1.93996167e-03 
-2.80530020e-02 9.97085000e-01 1.92882410e-03 
-2.73590023e-02 1.00244300e+00 1.93084911e-03 
-2.66760020e-02 9.96373000e-01 1.92882410e-03 
-2.59580021e-02 9.96941000e-01 1.92781160e-03 
-2.52640019e-02 1.00003700e+00 1.93894916e-03 
-2.45810021e-02 9.99948000e-01 1.93894916e-03 
-2.38630022e-02 9.99972000e-01 1.93793666e-03 
-2.31570019e-02 9.99003000e-01 1.93388663e-03 
-2.24630022e-02 9.94193000e-01 1.93692415e-03 
-2.17800019e-02 9.96596000e-01 1.93996167e-03 
-2.10860022e-02 1.00036800e+00 1.94299919e-03 
-2.03910023e-02 9.97311000e-01 1.94806172e-03 
-1.96850020e-02 9.97480000e-01 1.94502420e-03 
-1.89910023e-02 9.98702000e-01 1.94704921e-03 
-1.82960019e-02 9.95042000e-01 1.94401169e-03 
-1.75900022e-02 9.99396000e-01 1.94603671e-03 
-1.68960020e-02 9.97695000e-01 1.94198668e-03 
-1.62130021e-02 9.99382000e-01 1.94603671e-03 
-1.54950023e-02 9.99962000e-01 1.94097418e-03 
-1.47780022e-02 9.94958000e-01 1.94401169e-03 
-1.40830022e-02 9.99269000e-01 1.94704921e-03 
-1.34000019e-02 9.97842000e-01 1.95109924e-03 
-1.26830023e-02 9.96940000e-01 1.94502420e-03 
-1.19770020e-02 9.96739000e-01 1.95109924e-03 
-1.12820021e-02 9.98596000e-01 1.94704921e-03 
-1.05650020e-02 9.97022000e-01 1.94401169e-03 
-9.85900220e-03 1.00058800e+00 1.94806172e-03 
-9.16400226e-03 9.96874000e-01 1.93996167e-03 
-8.47000210e-03 9.96666000e-01 1.93894916e-03 
-7.76400231e-03 9.96921000e-01 1.93793666e-03 
-7.07000215e-03 9.97429000e-01 1.93591165e-03 
-6.35200227e-03 9.96052000e-01 1.93591165e-03 
-5.64600201e-03 9.95773000e-01 1.94704921e-03 
-4.95200232e-03 9.98575000e-01 2.00374955e-03 
-4.23400197e-03 9.95820000e-01 1.96324931e-03 
-3.51600209e-03 9.95339000e-01 1.94704921e-03 
-2.82200193e-03 9.97315000e-01 1.94502420e-03 
-2.12800223e-03 9.99796000e-01 1.95109924e-03 
-1.43300230e-03 9.94430000e-01 1.94401169e-03 
-7.16002192e-04 9.98724000e-01 1.93692415e-03 
-1.00019388e-05 9.94695000e-01 1.92983661e-03 
6.84997998e-04 9.95495000e-01 1.92983661e-03 
1.36799784e-03 9.96054000e-01 1.92679909e-03 
2.06199801e-03 9.96356000e-01 1.92274907e-03 
2.75699794e-03 1.00002000e+00 1.92781160e-03 
3.46299773e-03 9.98293000e-01 1.92983661e-03 
4.15699789e-03 9.99089000e-01 1.92477408e-03 
4.83999774e-03 9.96781000e-01 1.92173656e-03 
5.55699784e-03 9.94299000e-01 1.92173656e-03 
6.26299810e-03 9.99425000e-01 1.92882410e-03 
6.96899788e-03 9.97799000e-01 1.92983661e-03 
7.67499767e-03 9.97226000e-01 1.92983661e-03 
8.38099793e-03 9.96327000e-01 1.93287413e-03 
9.07599786e-03 9.95824000e-01 1.92882410e-03 
9.76999803e-03 9.98568000e-01 1.93692415e-03 
1.04759978e-02 9.94588000e-01 1.93084911e-03 
1.11709978e-02 9.98899000e-01 1.93793666e-03 
1.18879979e-02 9.98700000e-01 1.93084911e-03 
1.25709977e-02 9.99302000e-01 1.92882410e-03 
1.32889980e-02 9.97300000e-01 1.93489914e-03 
1.39949978e-02 9.97807000e-01 1.93894916e-03 
1.47009981e-02 9.97019000e-01 1.93287413e-03 
1.54069979e-02 9.97469000e-01 1.93186162e-03 
1.60899977e-02 9.97306000e-01 1.92274907e-03 
1.67839979e-02 9.98092000e-01 1.92376157e-03 
1.75019978e-02 9.96089000e-01 1.92477408e-03 
1.82189979e-02 9.96976000e-01 1.92578658e-03 
1.89249977e-02 9.97514000e-01 1.92679909e-03 
1.96199981e-02 9.96633000e-01 1.93186162e-03 
2.03259978e-02 9.97222000e-01 1.91869904e-03 
2.10429979e-02 9.97968000e-01 1.92173656e-03 
2.17489977e-02 9.94968000e-01 1.92072405e-03 
2.24439977e-02 9.98388000e-01 1.91161150e-03 
2.31609978e-02 9.97511000e-01 1.92274907e-03 
2.38439981e-02 1.00299100e+00 1.92882410e-03 
2.45389980e-02 9.97194000e-01 1.91869904e-03 
2.52449978e-02 9.99075000e-01 1.92679909e-03 
2.59389980e-02 9.99568000e-01 1.92274907e-03 
2.66329977e-02 9.96672000e-01 1.93084911e-03 
2.73389979e-02 1.00048600e+00 1.93996167e-03 
2.80569978e-02 9.98195000e-01 1.91971155e-03 
2.87749977e-02 9.98230000e-01 1.92679909e-03 
2.94569978e-02 9.98919000e-01 1.92173656e-03 
3.01749981e-02 9.99413000e-01 1.92376157e-03 
3.08689978e-02 1.00234300e+00 1.92173656e-03 
3.15639977e-02 9.96900000e-01 1.91262401e-03 
3.22699980e-02 9.98405000e-01 1.93793666e-03 
3.29759978e-02 1.00068000e+00 1.93287413e-03 
3.36819980e-02 9.99132000e-01 1.93287413e-03 
3.43879978e-02 9.96007000e-01 1.91768654e-03 
3.50939981e-02 1.00007700e+00 1.92173656e-03 
3.58119980e-02 9.99629000e-01 1.91464902e-03 
3.65059976e-02 1.00169700e+00 1.92376157e-03 
3.72119979e-02 1.00295600e+00 1.92781160e-03 
3.79299978e-02 9.98542000e-01 1.92983661e-03 
3.86119979e-02 9.98193000e-01 1.91768654e-03 
3.93179976e-02 1.00206100e+00 1.92072405e-03 
4.00129980e-02 1.00407800e+00 1.91667403e-03 
4.07189978e-02 9.96325000e-01 1.91667403e-03 
4.14249981e-02 9.99715000e-01 1.91869904e-03 
4.21189978e-02 1.00224900e+00 1.92578658e-03 
4.28019981e-02 1.00224600e+00 1.92072405e-03 
4.34969980e-02 1.00502100e+00 1.91971155e-03 
4.42029978e-02 1.00095100e+00 1.93084911e-03 
4.48969980e-02 1.00184600e+00 1.92781160e-03 
4.55909977e-02 9.99124000e-01 1.92578658e-03 
4.62969979e-02 9.96976000e-01 1.91971155e-03 
4.69919979e-02 9.95264000e-01 1.91971155e-03 
4.77089980e-02 9.99304000e-01 1.92781160e-03 
4.83919978e-02 9.99287000e-01 1.93186162e-03 
4.90749977e-02 1.00024700e+00 1.92882410e-03 
4.97699981e-02 9.98855000e-01 1.93793666e-03 
5.04869977e-02 1.00120400e+00 1.92274907e-03 
5.11929980e-02 1.00367700e+00 1.92679909e-03 
5.18879979e-02 9.95232000e-01 1.92477408e-03 
5.25819981e-02 1.00149900e+00 1.92376157e-03 
5.32999979e-02 1.00118000e+00 1.92072405e-03 
5.40059977e-02 9.99524000e-01 1.91566152e-03 
5.46999979e-02 1.00114000e+00 1.91566152e-03 
5.54059977e-02 9.96512000e-01 1.90654897e-03 
5.60889980e-02 9.99690000e-01 1.91262401e-03 
5.67829977e-02 9.96431000e-01 1.90857398e-03 
5.75009980e-02 9.99961000e-01 1.90857398e-03 
5.82179977e-02 9.99761000e-01 1.91059899e-03 
5.89009980e-02 9.99005000e-01 1.91363651e-03 
5.95959979e-02 9.98331000e-01 1.90958649e-03 
6.03019977e-02 9.97684000e-01 1.90351145e-03 
6.10079980e-02 9.96620000e-01 1.90249894e-03 
6.17139977e-02 1.00138000e+00 1.90654897e-03 
6.24199980e-02 9.98831000e-01 1.90148644e-03 
6.31139977e-02 9.98998000e-01 1.90148644e-03 
6.38089981e-02 1.00084400e+00 1.90452396e-03 
6.45149979e-02 1.00133800e+00 1.90249894e-03 
6.52089980e-02 9.99260000e-01 1.90148644e-03 
6.59269979e-02 1.00299400e+00 1.90857398e-03 
6.66439980e-02 9.96983000e-01 1.90148644e-03 
6.73499978e-02 1.00202500e+00 1.90553646e-03 
6.80679977e-02 1.00029000e+00 1.90148644e-03 
6.87849978e-02 9.97555000e-01 1.89946143e-03 
6.95029977e-02 1.00422500e+00 1.90452396e-03 
7.02089979e-02 1.00159700e+00 1.90148644e-03 
7.09149977e-02 1.00062100e+00 1.90047393e-03 
7.16089979e-02 9.97667000e-01 1.89743641e-03 
7.22919977e-02 9.99586000e-01 1.89338639e-03 
7.30099981e-02 9.95326000e-01 1.89237388e-03 
7.37269977e-02 9.97875000e-01 1.89136138e-03 
7.44449981e-02 1.00177100e+00 1.89946143e-03 
7.51389978e-02 1.00028500e+00 1.89743641e-03 
7.58449980e-02 1.00175900e+00 1.90249894e-03 
7.65629979e-02 1.00383600e+00 1.89946143e-03 
7.72809978e-02 9.97151000e-01 1.88933636e-03 
7.79869980e-02 1.00288500e+00 1.89338639e-03 
7.87039977e-02 1.00110100e+00 1.89034887e-03 
7.94099979e-02 1.00009000e+00 1.88832386e-03 
8.01049978e-02 9.99695000e-01 1.89136138e-03 
8.08109981e-02 1.00121600e+00 1.89439890e-03 
8.15049978e-02 9.97453000e-01 1.89136138e-03 
8.22229977e-02 1.00099600e+00 1.89439890e-03 
8.29169978e-02 9.99765000e-01 1.89136138e-03 
8.35999977e-02 1.00233400e+00 1.89338639e-03 
8.43179980e-02 1.00259900e+00 1.89338639e-03 
8.50349977e-02 9.96576000e-01 1.88528634e-03 
8.57409979e-02 9.97999000e-01 1.88629885e-03 
8.64589978e-02 1.00075400e+00 1.88933636e-03 
8.71759979e-02 1.00016700e+00 1.89439890e-03 
8.78819977e-02 9.99390000e-01 1.89642391e-03 
8.85769981e-02 1.00060200e+00 1.89034887e-03 
8.92939977e-02 1.00616400e+00 1.89541140e-03 
8.99999980e-02 9.99858000e-01 1.90654897e-03 
9.07179979e-02 1.00141300e+00 1.90452396e-03 
9.14239977e-02 1.00032900e+00 1.90351145e-03 
9.21179978e-02 1.00033900e+00 1.89946143e-03 
9.28359977e-02 9.98501000e-01 1.89338639e-03 
9.35529978e-02 9.98455000e-01 1.90958649e-03 
9.42589981e-02 1.00113300e+00 1.90148644e-03 
9.49539980e-02 9.99088000e-01 1.90148644e-03 
