-1.49946289e-01 1.00050301e+00 3.89316153e-04 
-1.48557400e-01 1.00014519e+00 3.89326064e-04 
-1.47168511e-01 9.99857729e-01 3.89349913e-04 
-1.45779622e-01 9.99792242e-01 3.89265462e-04 
-1.44390734e-01 1.00087801e+00 3.89407755e-04 
-1.43001845e-01 9.99960604e-01 3.89239152e-04 
-1.41612956e-01 1.00033043e+00 3.89332850e-04 
-1.40224067e-01 1.00009175e+00 3.89331985e-04 
-1.38835178e-01 9.99801078e-01 3.89226646e-04 
-1.37446289e-01 1.00016461e+00 3.89264131e-04 
-1.36057400e-01 9.99231182e-01 3.89184071e-04 
-1.34668511e-01 1.00053656e+00 3.96936304e-04 
-1.33279622e-01 9.99863349e-01 3.96899775e-04 
-1.31890734e-01 1.00013014e+00 3.96915470e-04 
-1.30501845e-01 9.99582099e-01 3.96881459e-04 
-1.29112956e-01 1.00062682e+00 3.96932682e-04 
-1.27724067e-01 9.99485822e-01 3.96869111e-04 
-1.26335178e-01 9.99852037e-01 3.96871180e-04 
-1.24946289e-01 1.00023553e+00 3.96894015e-04 
-1.23557400e-01 1.00041744e+00 3.96904467e-04 
-1.22168511e-01 9.99367331e-01 3.96743175e-04 
-1.20779622e-01 9.99353730e-01 3.96758456e-04 
-1.19390734e-01 1.00023722e+00 3.96983112e-04 
-1.18001845e-01 1.00005544e+00 3.96867110e-04 
-1.16612956e-01 1.00040855e+00 3.96912366e-04 
-1.15224067e-01 9.99888814e-01 3.96844172e-04 
-1.13835178e-01 9.99946886e-01 3.96859487e-04 
-1.12446289e-01 1.00014593e+00 3.96872664e-04 
-1.11057400e-01 9.99941368e-01 3.96826891e-04 
-1.09668511e-01 9.99616687e-01 3.96863833e-04 
-1.08279622e-01 9.99606346e-01 3.96773633e-04 
-1.06890734e-01 1.00019788e+00 3.96871422e-04 
-1.05501845e-01 1.00050748e+00 3.96855555e-04 
-1.04112956e-01 1.00027209e+00 3.96881184e-04 
-1.02724067e-01 1.00015699e+00 3.96823855e-04 
-1.01335178e-01 9.99717476e-01 3.96724618e-04 
-9.99462891e-02 9.99382818e-01 3.96736553e-04 
-9.85574002e-02 1.00038530e+00 3.96836342e-04 
-9.71685114e-02 9.99667093e-01 4.05034588e-04 
-9.57796225e-02 1.00012833e+00 4.05046802e-04 
-9.43907336e-02 1.00006617e+00 4.05043149e-04 
-9.30018447e-02 1.00024345e+00 4.05010982e-04 
-9.16129558e-02 9.99795392e-01 4.05029143e-04 
-9.02240669e-02 1.00014166e+00 4.05000702e-04 
-8.88351780e-02 9.99822415e-01 4.04977311e-04 
-8.74462891e-02 9.99727866e-01 4.04923080e-04 
-8.60574002e-02 9.99976307e-01 4.04943246e-04 
-8.46685114e-02 1.00011352e+00 4.04954673e-04 
-8.32796225e-02 1.00033594e+00 4.04981753e-04 
-8.18907336e-02 9.99991814e-01 4.04949801e-04 
-8.05018447e-02 9.99138494e-01 4.04937300e-04 
-7.91129558e-02 9.99779708e-01 4.04979998e-04 
-7.77240669e-02 9.99837761e-01 4.13666405e-04 
-7.63351780e-02 1.00004140e+00 4.13588993e-04 
-7.49462891e-02 9.99669655e-01 4.13585119e-04 
-7.35574002e-02 9.99354917e-01 4.13595140e-04 
-7.21685114e-02 9.99993746e-01 4.13642563e-04 
-7.07796225e-02 1.00015568e+00 4.13656645e-04 
-6.93907336e-02 1.00031916e+00 4.13613729e-04 
-6.80018447e-02 9.99885468e-01 4.13636602e-04 
-6.66129558e-02 9.99893007e-01 4.13657352e-04 
-6.52240669e-02 1.00008736e+00 4.13691178e-04 
-6.38351780e-02 9.99905716e-01 4.13681790e-04 
-6.24462891e-02 9.99919354e-01 4.13643271e-04 
-6.10574002e-02 9.99870708e-01 4.13599499e-04 
-5.96685114e-02 1.00001716e+00 4.13647704e-04 
-5.82796225e-02 1.00069124e+00 4.13656719e-04 
-5.68907336e-02 1.00028464e+00 4.13698219e-04 
-5.55018447e-02 9.99844948e-01 4.13632803e-04 
-5.41129558e-02 1.00024048e+00 4.13656272e-04 
-5.27240669e-02 9.99783933e-01 4.13633026e-04 
-5.13351780e-02 1.00008972e+00 4.13642414e-04 
-4.99462891e-02 9.99553858e-01 4.13565449e-04 
-4.85574002e-02 9.99198892e-01 4.13566343e-04 
-4.71685114e-02 9.99361653e-01 4.13578264e-04 
-4.57796225e-02 9.98925022e-01 4.13469151e-04 
-4.43907336e-02 9.99332207e-01 4.13530841e-04 
-4.30018447e-02 9.98810067e-01 4.13486660e-04 
-4.16129558e-02 9.98853194e-01 4.13468517e-04 
-4.02240669e-02 9.99540962e-01 4.13551256e-04 
-3.88351780e-02 9.98632936e-01 4.13420945e-04 
-3.74462891e-02 9.98155620e-01 4.13432866e-04 
-3.60574002e-02 9.98459938e-01 4.13388647e-04 
-3.46685114e-02 9.99013297e-01 4.13501151e-04 
-3.32796225e-02 9.98664870e-01 4.06074051e-04 
-3.18907336e-02 9.99508363e-01 4.06132939e-04 
-3.05018447e-02 9.99633906e-01 4.06200783e-04 
-2.91129558e-02 9.99074869e-01 4.06152999e-04 
-2.77240669e-02 9.99736301e-01 4.06161775e-04 
-2.63351780e-02 9.98742222e-01 4.06130826e-04 
-2.49462891e-02 9.98704209e-01 4.06105107e-04 
-2.35574002e-02 9.98878468e-01 4.06076738e-04 
-2.21685114e-02 9.98677128e-01 4.06017061e-04 
-2.07796225e-02 9.99276365e-01 4.06117501e-04 
-1.93907336e-02 9.99164906e-01 4.06117107e-04 
-1.80018447e-02 9.98312618e-01 4.06045252e-04 
-1.66129558e-02 9.98381633e-01 4.06017706e-04 
-1.52240669e-02 9.99004469e-01 4.06094612e-04 
-1.38351780e-02 9.98829836e-01 4.06034685e-04 
-1.24462891e-02 9.98550294e-01 4.06026769e-04 
-1.10574002e-02 9.98726603e-01 4.06105501e-04 
-9.66851136e-03 9.98704487e-01 4.06048368e-04 
-8.27962247e-03 9.99864380e-01 4.06160772e-04 
-6.89073358e-03 9.98872358e-01 4.06121656e-04 
-5.50184469e-03 9.98863197e-01 4.06067603e-04 
-4.11295580e-03 9.99244324e-01 4.06119292e-04 
-2.72406691e-03 9.99243054e-01 4.06130181e-04 
-1.33517803e-03 9.98827241e-01 4.06080105e-04 
5.37108636e-05 9.98884774e-01 4.06063556e-04 
1.44259975e-03 9.99286388e-01 4.06135912e-04 
2.83148864e-03 9.98509225e-01 4.06052810e-04 
4.22037753e-03 9.99214580e-01 4.06072403e-04 
5.60926642e-03 9.98505069e-01 4.06053383e-04 
6.99815531e-03 9.98980087e-01 4.06072941e-04 
8.38704420e-03 9.98994704e-01 4.06048225e-04 
9.77593309e-03 9.98271546e-01 4.05955952e-04 
1.11648220e-02 9.99518251e-01 4.06134695e-04 
1.25537109e-02 9.99248943e-01 4.06026912e-04 
1.39425998e-02 9.98775399e-01 4.06007032e-04 
1.53314886e-02 9.99033098e-01 4.06048977e-04 
1.67203775e-02 9.98618099e-01 4.06069574e-04 
1.81092664e-02 9.98699262e-01 4.06010256e-04 
1.94981553e-02 9.98574774e-01 4.06008787e-04 
2.08870442e-02 9.99617243e-01 4.06092463e-04 
2.22759331e-02 9.99166926e-01 4.06028774e-04 
2.36648220e-02 9.99018985e-01 4.06007712e-04 
2.50537109e-02 9.98789658e-01 4.06042888e-04 
2.64425998e-02 9.99359411e-01 4.06105358e-04 
2.78314886e-02 9.98842839e-01 4.06083794e-04 
2.92203775e-02 9.99397480e-01 4.06042350e-04 
3.06092664e-02 9.98809646e-01 4.06004023e-04 
3.19981553e-02 9.98704158e-01 4.06018100e-04 
3.33870442e-02 9.99093806e-01 4.06004847e-04 
3.47759331e-02 9.99037725e-01 4.05986722e-04 
3.61648220e-02 9.98636156e-01 4.06027485e-04 
3.75537109e-02 9.99040149e-01 4.06028846e-04 
3.89425998e-02 9.98855441e-01 3.97510275e-04 
4.03314886e-02 9.99131759e-01 3.97512344e-04 
4.17203775e-02 9.99361129e-01 3.97562981e-04 
4.31092664e-02 9.98786075e-01 3.97486612e-04 
4.44981553e-02 9.99638709e-01 3.97618239e-04 
4.58870442e-02 9.98975305e-01 3.97481231e-04 
4.72759331e-02 9.99496753e-01 3.97608822e-04 
4.86648220e-02 9.99702617e-01 3.97579503e-04 
5.00537109e-02 1.00005143e+00 3.97644040e-04 
5.14425998e-02 9.99738099e-01 3.97527349e-04 
5.28314886e-02 9.99798283e-01 3.97595473e-04 
5.42203775e-02 9.99953423e-01 3.97623413e-04 
5.56092664e-02 9.99420030e-01 3.97483025e-04 
5.69981553e-02 1.00007071e+00 3.97571983e-04 
5.83870442e-02 1.00036601e+00 3.97594370e-04 
5.97759331e-02 9.99891877e-01 3.97529901e-04 
6.11648220e-02 1.00034420e+00 3.97618274e-04 
6.25537109e-02 9.99904827e-01 3.97562015e-04 
6.39425998e-02 9.99512196e-01 3.97469296e-04 
6.53314886e-02 1.00020828e+00 3.97659183e-04 
6.67203775e-02 9.99960732e-01 3.97564498e-04 
6.81092664e-02 1.00037494e+00 3.97640349e-04 
6.94981553e-02 1.00054039e+00 3.97569396e-04 
7.08870442e-02 1.00013299e+00 3.97591955e-04 
7.22759331e-02 9.99969908e-01 3.97637762e-04 
7.36648220e-02 1.00002644e+00 3.97581918e-04 
7.50537109e-02 9.99795629e-01 3.97474919e-04 
7.64425998e-02 9.99751492e-01 3.97528177e-04 
7.78314886e-02 1.00053131e+00 3.97530902e-04 
7.92203775e-02 1.00064252e+00 3.97569776e-04 
8.06092664e-02 1.00070289e+00 3.89831739e-04 
8.19981553e-02 9.99818304e-01 3.89750914e-04 
8.33870442e-02 1.00037650e+00 3.89790728e-04 
8.47759331e-02 1.00034496e+00 3.89869657e-04 
8.61648220e-02 1.00026033e+00 3.89803966e-04 
8.75537109e-02 1.00026748e+00 3.89762722e-04 
8.89425998e-02 9.99155181e-01 3.89640985e-04 
9.03314886e-02 9.99806684e-01 3.89750515e-04 
9.17203775e-02 1.00045474e+00 3.89782080e-04 
9.31092664e-02 1.00000247e+00 3.89761125e-04 
9.44981553e-02 1.00033149e+00 3.89746058e-04 
9.58870442e-02 1.00032838e+00 3.97471470e-04 
9.72759331e-02 1.00050118e+00 3.97468710e-04 
9.86648220e-02 9.99696320e-01 3.89683526e-04 
1.00053711e-01 9.99903711e-01 3.89640153e-04 
1.01442600e-01 1.00044226e+00 3.97435182e-04 
1.02831489e-01 9.99944589e-01 3.89690345e-04 
1.04220378e-01 9.99692868e-01 3.97335393e-04 
1.05609266e-01 1.00010583e+00 3.97416211e-04 
1.06998155e-01 9.99630357e-01 3.89672317e-04 
1.08387044e-01 9.99644509e-01 3.89592223e-04 
1.09775933e-01 9.99476716e-01 3.89667926e-04 
1.11164822e-01 1.00009883e+00 3.89627414e-04 
1.12553711e-01 1.00012127e+00 3.89639687e-04 
1.13942600e-01 9.99896990e-01 3.89562388e-04 
1.15331489e-01 1.00034538e+00 3.89623622e-04 
1.16720378e-01 9.99894346e-01 3.89639288e-04 
1.18109266e-01 9.99741392e-01 3.82224997e-04 
1.19498155e-01 9.99468747e-01 3.82190024e-04 
1.20887044e-01 9.99584476e-01 3.82205247e-04 
1.22275933e-01 1.00054484e+00 3.82375165e-04 
1.23664822e-01 9.99826755e-01 3.82161988e-04 
1.25053711e-01 1.00022264e+00 3.82266810e-04 
1.26442600e-01 9.99712946e-01 3.82166067e-04 
1.27831489e-01 9.99315917e-01 3.82165906e-04 
1.29220378e-01 9.99618297e-01 3.82176504e-04 
1.30609266e-01 1.00016799e+00 3.82205375e-04 
1.31998155e-01 9.99837448e-01 3.82183409e-04 
1.33387044e-01 1.00003804e+00 3.82165938e-04 
1.34775933e-01 9.99387253e-01 3.82149688e-04 
1.36164822e-01 1.00058537e+00 3.82155019e-04 
1.37553711e-01 1.00021385e+00 3.82208811e-04 
1.38942600e-01 1.00022579e+00 3.82244362e-04 
1.40331489e-01 1.00016355e+00 3.82175380e-04 
1.41720378e-01 9.99843570e-01 3.82149560e-04 
1.43109266e-01 1.00012255e+00 3.82185946e-04 
1.44498155e-01 9.99825349e-01 3.82190345e-04 
1.45887044e-01 9.99791349e-01 3.82138962e-04 
1.47275933e-01 1.00065983e+00 3.82211380e-04 
1.48664822e-01 9.99759301e-01 3.82142334e-04 
