-3.98986356e-02 1.00117344e+00 8.29824481e-04 
-3.85097467e-02 9.99624531e-01 8.13863169e-04 
-3.71208578e-02 1.00016751e+00 8.13477152e-04 
-3.57319689e-02 9.99324898e-01 9.97090107e-04 
-3.43430800e-02 9.99592639e-01 8.14106417e-04 
-3.29541911e-02 9.99660331e-01 8.13374429e-04 
-3.15653022e-02 9.99381912e-01 9.96277904e-04 
-3.01764133e-02 9.99275449e-01 8.13947662e-04 
-2.87875244e-02 9.99349490e-01 8.14132624e-04 
-2.73986356e-02 9.98791270e-01 8.15600540e-04 
-2.60097467e-02 9.97745757e-01 9.96899700e-04 
-2.46208578e-02 9.97945715e-01 8.14207533e-04 
-2.32319689e-02 9.98212769e-01 8.13262961e-04 
-2.18430800e-02 9.95889850e-01 9.97093402e-04 
-2.04541911e-02 9.96598285e-01 8.13888473e-04 
-1.90653022e-02 9.95580370e-01 8.13838378e-04 
-1.76764133e-02 9.95798323e-01 9.96327962e-04 
-1.62875244e-02 9.93468847e-01 8.13411481e-04 
-1.48986356e-02 9.94285067e-01 8.13029657e-04 
-1.35097467e-02 9.93876319e-01 8.13446902e-04 
-1.21208578e-02 9.94014489e-01 9.96150122e-04 
-1.07319689e-02 9.92044422e-01 8.13608217e-04 
-9.34308000e-03 9.93353376e-01 8.13616073e-04 
-7.95419111e-03 9.93831091e-01 9.96625385e-04 
-6.56530222e-03 9.92956869e-01 8.13444277e-04 
-5.17641333e-03 9.93000459e-01 8.13786179e-04 
-3.78752444e-03 9.93686672e-01 9.97058078e-04 
-2.39863556e-03 9.91814209e-01 8.13695743e-04 
-1.00974667e-03 9.93416453e-01 8.14330572e-04 
3.79142222e-04 9.92582111e-01 9.97010321e-04 
1.76803111e-03 9.91965515e-01 8.13940002e-04 
3.15692000e-03 9.91878133e-01 8.13931368e-04 
4.54580889e-03 9.92304654e-01 9.95894148e-04 
5.93469778e-03 9.93310259e-01 8.13423025e-04 
7.32358667e-03 9.93253215e-01 8.13508664e-04 
8.71247556e-03 9.92344500e-01 8.13390509e-04 
1.01013644e-02 9.93626470e-01 9.96149055e-04 
1.14902533e-02 9.92810369e-01 8.13226918e-04 
1.28791422e-02 9.92979368e-01 8.13125374e-04 
1.42680311e-02 9.93422376e-01 1.40890200e-03 
1.56569200e-02 9.96589916e-01 8.13937635e-04 
1.70458089e-02 9.95108859e-01 8.13613169e-04 
1.84346978e-02 9.95552263e-01 8.14223393e-04 
1.98235867e-02 9.96025809e-01 9.98268959e-04 
2.12124756e-02 9.96507179e-01 8.14449663e-04 
2.26013644e-02 9.98503250e-01 9.96712428e-04 
2.39902533e-02 9.96629136e-01 8.13911278e-04 
2.53791422e-02 9.96843453e-01 8.15828863e-04 
2.67680311e-02 1.00125732e+00 8.20053014e-04 
2.81569200e-02 9.95637540e-01 1.00762326e-03 
2.95458089e-02 9.97110498e-01 1.01259342e-03 
3.09346978e-02 1.00110644e+00 8.27141629e-04 
3.23235867e-02 1.00025267e+00 1.01685562e-03 
3.37124756e-02 1.00038731e+00 8.25960709e-04 
3.51013644e-02 9.98730257e-01 1.01008094e-03 
3.64902533e-02 9.99078323e-01 1.00504271e-03 
3.78791422e-02 1.00003382e+00 8.31253857e-04 
3.92680311e-02 1.00043476e+00 8.24443999e-04 
4.06569200e-02 1.00070486e+00 8.20450980e-04 
4.20458089e-02 9.99908753e-01 1.41612100e-03 
